ZINC|000001529359|;size=225;	0
ZINC|000001532540|;size=41;	0.7916666666666666	0
ZINC|000001556239|;size=103;	0.7058823529411764	0.7575757575757576	0
ZINC|000001565382|;size=2;	0.85	0.8378378378378378	0.8846153846153846	0
ZINC|000001704000|;size=2;	0.7837837837837838	0.7647058823529411	0.7045454545454546	0.8653846153846154	0
ZINC|000001705197|;size=1;	0.8260869565217391	0.8666666666666667	0.8421052631578947	0.9032258064516129	0.8035714285714286	0
ZINC|000001726380|;size=4;	0.8648648648648649	0.8181818181818181	0.875	0.9019607843137255	0.8775510204081632	0.8571428571428572	0
ZINC|000002007908|;size=3;	0.8536585365853658	0.8717948717948718	0.8867924528301887	0.78	0.8461538461538461	0.9047619047619048	0.9038461538461539	0
ZINC|000002029097|;size=1;	0.8095238095238095	0.8536585365853658	0.8518518518518519	0.8363636363636364	0.8333333333333334	0.8571428571428572	0.9090909090909091	0.75	0
ZINC|000002035518|;size=4;	0.7948717948717949	0.8421052631578947	0.8431372549019608	0.78	0.8235294117647058	0.85	0.8367346938775511	0.8727272727272728	0.8596491228070176	0
ZINC|000002487686|;size=3;	0.7272727272727273	0.7419354838709677	0.7142857142857143	0.8571428571428572	0.7209302325581395	0.8148148148148149	0.8695652173913043	0.86	0.8235294117647058	0.8367346938775511	0
ZINC|000002525296|;size=1;	0.7916666666666666	0.7619047619047619	0.8611111111111112	0.868421052631579	0.8648648648648649	0.8913043478260869	0.8181818181818181	0.8717948717948718	0.8809523809523809	0.8717948717948718	0.8529411764705882	0
ZINC|000002583523|;size=1;	0.7959183673469388	0.8085106382978724	0.7321428571428572	0.8769230769230769	0.7142857142857143	0.8260869565217391	0.9047619047619048	0.8955223880597015	0.8840579710144928	0.84375	0.7678571428571428	0.9019607843137255	0
ZINC|000003623428|;size=1;	0.8367346938775511	0.8979591836734694	0.8305084745762712	0.7966101694915254	0.7037037037037037	0.855072463768116	0.9193548387096774	0.7796610169491526	0.7903225806451613	0.8387096774193549	0.8035714285714286	0.8979591836734694	0.88	0
ZINC|000003938676|;size=1;	0.7692307692307692	0.8909090909090909	0.8307692307692307	0.9166666666666666	0.8333333333333334	0.8055555555555556	0.8955223880597015	0.9178082191780822	0.8767123287671232	0.8714285714285714	0.84375	0.8490566037735849	0.8026315789473684	0.858974358974359	0
ZINC|000004109959|;size=3;	0.7857142857142857	0.8571428571428572	0.8545454545454545	0.8596491228070176	0.8571428571428572	0.8769230769230769	0.9107142857142857	0.9	0.8688524590163934	0.8214285714285714	0.8703703703703703	0.8837209302325582	0.8529411764705882	0.8656716417910448	0.8142857142857143	0
ZINC|000004218939|;size=2;	0.7555555555555555	0.8723404255319149	0.8070175438596492	0.8709677419354839	0.85	0.8695652173913043	0.9	0.890625	0.8787878787878788	0.8166666666666667	0.8421052631578947	0.8222222222222222	0.8309859154929577	0.8591549295774648	0.7777777777777778	0.75	0
ZINC|000004236169|;size=8;	0.873015873015873	0.8852459016393442	0.863013698630137	0.881578947368421	0.8169014084507042	0.8518518518518519	0.92	0.8533333333333333	0.858974358974359	0.8831168831168831	0.875	0.9206349206349207	0.8048780487804879	0.8705882352941177	0.8426966292134832	0.875	0.8823529411764706	0
ZINC|000004312752|;size=74;	0.8076923076923077	0.782608695652174	0.868421052631579	0.875	0.8421052631578947	0.8958333333333334	0.8611111111111112	0.8205128205128205	0.8333333333333334	0.8780487804878049	0.8611111111111112	0.782608695652174	0.9056603773584906	0.88	0.8947368421052632	0.8636363636363636	0.8775510204081632	0.8135593220338984	0
ZINC|000004312754|;size=30;	0.8333333333333334	0.72	0.8536585365853658	0.775	0.8571428571428572	0.8823529411764706	0.8157894736842105	0.8095238095238095	0.8222222222222222	0.8372093023255813	0.8461538461538461	0.8148148148148149	0.8727272727272728	0.8235294117647058	0.9016393442622951	0.875	0.8867924528301887	0.8787878787878788	0.8275862068965517	0
ZINC|000004618925|;size=5;	0.7272727272727273	0.8723404255319149	0.8275862068965517	0.8524590163934427	0.8688524590163934	0.8857142857142857	0.9180327868852459	0.890625	0.8615384615384616	0.8360655737704918	0.8421052631578947	0.8958333333333334	0.8472222222222222	0.875	0.7945205479452055	0.75	0.7301587301587302	0.8271604938271605	0.8775510204081632	0.8653846153846154	0
ZINC|000004658554|;size=1;	0.8095238095238095	0.7777777777777778	0.84375	0.8857142857142857	0.8823529411764706	0.9069767441860466	0.8709677419354839	0.8888888888888888	0.8974358974358975	0.8888888888888888	0.8709677419354839	0.7777777777777778	0.9166666666666666	0.9130434782608696	0.9245283018867925	0.9	0.9111111111111111	0.9333333333333333	0.8	0.8333333333333334	0.9111111111111111	0
ZINC|000004658565|;size=1;	0.75	0.7058823529411764	0.84375	0.8529411764705882	0.8484848484848485	0.8536585365853658	0.75	0.8571428571428572	0.868421052631579	0.8571428571428572	0.8333333333333334	0.7058823529411764	0.8936170212765957	0.8888888888888888	0.9038461538461539	0.8717948717948718	0.8863636363636364	0.9152542372881356	0.736842105263158	0.782608695652174	0.8863636363636364	0.7142857142857143	0
ZINC|000004713280|;size=152;	0.7575757575757576	0.7333333333333334	0.7954545454545454	0.7209302325581395	0.7441860465116279	0.8333333333333334	0.8666666666666667	0.7272727272727273	0.7708333333333334	0.8085106382978724	0.7857142857142857	0.8484848484848485	0.8070175438596492	0.7547169811320755	0.8225806451612903	0.8461538461538461	0.8392857142857143	0.7878787878787878	0.8571428571428572	0.7058823529411764	0.8181818181818181	0.8666666666666667	0.8275862068965517	0
ZINC|000004962956|;size=2;	0.8852459016393442	0.8983050847457628	0.8888888888888888	0.8918918918918919	0.8591549295774648	0.8888888888888888	0.9014084507042254	0.9078947368421053	0.8533333333333333	0.9078947368421053	0.8695652173913043	0.9166666666666666	0.9080459770114943	0.8658536585365854	0.8764044943820225	0.8987341772151899	0.9047619047619048	0.8736842105263158	0.864406779661017	0.9076923076923077	0.891566265060241	0.9107142857142857	0.8909090909090909	0.8840579710144928	0
ZINC|000005298708|;size=5;	0.8214285714285714	0.75	0.875	0.8536585365853658	0.8780487804878049	0.9	0.8378378378378378	0.8837209302325582	0.8913043478260869	0.8292682926829268	0.868421052631579	0.8	0.8888888888888888	0.9056603773584906	0.9166666666666666	0.8695652173913043	0.8823529411764706	0.9090909090909091	0.8148148148148149	0.7142857142857143	0.8823529411764706	0.8181818181818181	0.7619047619047619	0.8333333333333334	0.921875	0
ZINC|000006315024|;size=1;	0.8305084745762712	0.8813559322033898	0.7727272727272727	0.8142857142857143	0.8450704225352113	0.8625	0.9178082191780822	0.8493150684931507	0.8243243243243243	0.8493150684931507	0.855072463768116	0.9180327868852459	0.8292682926829268	0.7948717948717949	0.8117647058823529	0.8421052631578947	0.7922077922077921	0.8631578947368421	0.9032258064516129	0.8387096774193549	0.8076923076923077	0.9310344827586207	0.9122807017543859	0.7619047619047619	0.8947368421052632	0.90625	0
ZINC|000006779774|;size=2;	0.8928571428571429	0.8867924528301887	0.9117647058823529	0.8484848484848485	0.8970588235294118	0.9230769230769231	0.9253731343283582	0.796875	0.7878787878787878	0.9	0.9090909090909091	0.9074074074074074	0.9012345679012346	0.8701298701298701	0.9195402298850575	0.8904109589041096	0.9113924050632911	0.8777777777777778	0.8490566037735849	0.8392857142857143	0.8831168831168831	0.9215686274509804	0.9	0.8360655737704918	0.8863636363636364	0.8947368421052632	0.8876404494382022	0
ZINC|000012394743|;size=1;	0.7560975609756098	0.8571428571428572	0.8113207547169812	0.8596491228070176	0.8571428571428572	0.8769230769230769	0.9107142857142857	0.8620689655172413	0.8305084745762712	0.8214285714285714	0.8269230769230769	0.8837209302325582	0.8695652173913043	0.8307692307692307	0.8472222222222222	0.7272727272727273	0.75	0.8607594936708861	0.8636363636363636	0.875	0.7704918032786885	0.9	0.8717948717948718	0.8235294117647058	0.8987341772151899	0.8695652173913043	0.8108108108108107	0.9054054054054054	0
ZINC|000013409046|;size=4;	0.9104477611940298	0.8888888888888888	0.881578947368421	0.9125	0.868421052631579	0.8953488372093024	0.9078947368421053	0.9135802469135803	0.8902439024390244	0.8717948717948718	0.9078947368421053	0.9230769230769231	0.8888888888888888	0.8863636363636364	0.9175257731958762	0.9176470588235294	0.8977272727272727	0.8686868686868687	0.9090909090909091	0.8484848484848485	0.9101123595505618	0.935483870967742	0.9180327868852459	0.8767123287671232	0.8762886597938144	0.8787878787878788	0.9108910891089109	0.8023255813953488	0.9047619047619048	0
ZINC|000013944146|;size=2;	0.8297872340425532	0.8695652173913043	0.8245614035087719	0.8103448275862069	0.847457627118644	0.8153846153846154	0.8983050847457628	0.75	0.7413793103448276	0.8709677419354839	0.7962962962962963	0.8936170212765957	0.8285714285714285	0.7301587301587302	0.8243243243243243	0.8615384615384616	0.8714285714285714	0.825	0.8979591836734694	0.8163265306122449	0.8714285714285714	0.9090909090909091	0.8837209302325582	0.72	0.9036144578313253	0.9019607843137255	0.7567567567567568	0.881578947368421	0.8253968253968254	0.9090909090909091	0
ZINC|000015017270|;size=1;	0.8222222222222222	0.7804878048780488	0.7735849056603774	0.8448275862068966	0.8	0.8461538461538461	0.875	0.8852459016393442	0.8548387096774194	0.7857142857142857	0.7884615384615384	0.8372093023255813	0.8059701492537313	0.8	0.8356164383561644	0.819672131147541	0.8153846153846154	0.8641975308641976	0.8695652173913043	0.8333333333333334	0.8333333333333334	0.9047619047619048	0.85	0.7843137254901961	0.8441558441558441	0.875	0.8	0.8933333333333333	0.8	0.8941176470588236	0.8125	0
ZINC|000016980368|;size=14;	0.7692307692307692	0.8461538461538461	0.8	0.8727272727272728	0.803921568627451	0.8524590163934427	0.9056603773584906	0.8947368421052632	0.8620689655172413	0.8333333333333334	0.7916666666666666	0.875	0.75	0.859375	0.8571428571428572	0.864406779661017	0.819672131147541	0.8701298701298701	0.8809523809523809	0.8913043478260869	0.8571428571428572	0.8611111111111112	0.8611111111111112	0.8367346938775511	0.9090909090909091	0.8863636363636364	0.8666666666666667	0.9014084507042254	0.864406779661017	0.9012345679012346	0.873015873015873	0.85	0
ZINC|000017111357|;size=20;	0.7142857142857143	0.8333333333333334	0.8125	0.8653846153846154	0.7659574468085106	0.8448275862068966	0.9	0.8461538461538461	0.8113207547169812	0.8235294117647058	0.8043478260869565	0.8648648648648649	0.7142857142857143	0.8524590163934427	0.7777777777777778	0.7692307692307692	0.8103448275862069	0.8648648648648649	0.8717948717948718	0.8837209302325582	0.7894736842105263	0.8823529411764706	0.8484848484848485	0.8	0.9054054054054054	0.8780487804878049	0.8450704225352113	0.9130434782608696	0.8148148148148149	0.9113924050632911	0.7857142857142857	0.8421052631578947	0.7021276595744681	0
ZINC|000019093106|;size=3;	0.7222222222222222	0.8378378378378378	0.7659574468085106	0.8679245283018868	0.7708333333333334	0.8666666666666667	0.9019607843137255	0.8703703703703703	0.8363636363636364	0.8269230769230769	0.8085106382978724	0.868421052631579	0.8032786885245902	0.8360655737704918	0.835820895522388	0.8392857142857143	0.8135593220338984	0.7857142857142857	0.75	0.8604651162790697	0.7931034482758621	0.8857142857142857	0.8529411764705882	0.8043478260869565	0.8611111111111112	0.8536585365853658	0.8309859154929577	0.8656716417910448	0.8181818181818181	0.8701298701298701	0.8688524590163934	0.8245614035087719	0.8301886792452831	0.8431372549019608	0
ZINC|000019772468|;size=10;	0.7027027027027026	0.7837837837837838	0.8	0.8727272727272728	0.803921568627451	0.75	0.8846153846153846	0.8947368421052632	0.8421052631578947	0.8333333333333334	0.7916666666666666	0.875	0.8095238095238095	0.859375	0.7692307692307692	0.7818181818181819	0.7796610169491526	0.8701298701298701	0.8809523809523809	0.8409090909090909	0.7586206896551724	0.8918918918918919	0.8611111111111112	0.7333333333333334	0.8947368421052632	0.8604651162790697	0.8194444444444444	0.9014084507042254	0.8035714285714286	0.9012345679012346	0.8548387096774194	0.8305084745762712	0.8148148148148149	0.7551020408163265	0.8076923076923077	0
ZINC|000021779167|;size=1;	0.7435897435897436	0.8780487804878049	0.78	0.74	0.8076923076923077	0.8360655737704918	0.8653846153846154	0.7924528301886793	0.8035714285714286	0.8571428571428572	0.7959183673469388	0.8780487804878049	0.8307692307692307	0.7457627118644068	0.8260869565217391	0.8852459016393442	0.859375	0.8571428571428572	0.8837209302325582	0.8181818181818181	0.8032786885245902	0.8947368421052632	0.8	0.7111111111111111	0.8666666666666667	0.8888888888888888	0.7887323943661972	0.855072463768116	0.8666666666666667	0.9156626506024097	0.7586206896551724	0.8333333333333334	0.8181818181818181	0.8518518518518519	0.8113207547169812	0.7962962962962963	0
ZINC|000021992428|;size=2;	0.7096774193548387	0.84375	0.7906976744186046	0.875	0.8478260869565217	0.8518518518518519	0.8636363636363636	0.8541666666666666	0.84	0.8297872340425532	0.7804878048780488	0.84375	0.8833333333333333	0.75	0.8387096774193549	0.7959183673469388	0.8148148148148149	0.9027777777777778	0.8529411764705882	0.8378378378378378	0.8363636363636364	0.8620689655172413	0.7777777777777778	0.8333333333333334	0.8823529411764706	0.8611111111111112	0.8676470588235294	0.90625	0.7446808510638299	0.9054054054054054	0.8333333333333334	0.803921568627451	0.8571428571428572	0.7954545454545454	0.851063829787234	0.8085106382978724	0.8367346938775511	0
ZINC|000022242010|;size=20;	0.7352941176470589	0.7096774193548387	0.75	0.8367346938775511	0.7555555555555555	0.7735849056603774	0.8723404255319149	0.8627450980392157	0.803921568627451	0.8163265306122449	0.7380952380952381	0.8571428571428572	0.7272727272727273	0.847457627118644	0.8095238095238095	0.8518518518518519	0.8448275862068966	0.71875	0.8648648648648649	0.7894736842105263	0.8245614035087719	0.875	0.8387096774193549	0.7317073170731707	0.8873239436619719	0.8421052631578947	0.8405797101449275	0.8769230769230769	0.8076923076923077	0.8648648648648649	0.7547169811320755	0.7692307692307692	0.8200000000000001	0.8085106382978724	0.8125	0.7959183673469388	0.8235294117647058	0.8409090909090909	0
ZINC|000023279815|;size=2;	0.7027027027027026	0.875	0.8461538461538461	0.8727272727272728	0.8490566037735849	0.8709677419354839	0.9056603773584906	0.8545454545454545	0.8	0.8545454545454545	0.84	0.875	0.8636363636363636	0.859375	0.8571428571428572	0.864406779661017	0.8571428571428572	0.8846153846153846	0.8809523809523809	0.8666666666666667	0.8387096774193549	0.8918918918918919	0.8611111111111112	0.7608695652173914	0.9090909090909091	0.8863636363636364	0.8356164383561644	0.8857142857142857	0.8448275862068966	0.927710843373494	0.7543859649122807	0.8688524590163934	0.8571428571428572	0.7291666666666667	0.8518518518518519	0.8363636363636364	0.8392857142857143	0.8333333333333334	0.7708333333333334	0
ZINC|000031168698|;size=2;	0.8928571428571429	0.8653846153846154	0.8955223880597015	0.8823529411764706	0.8805970149253731	0.9090909090909091	0.9090909090909091	0.8676470588235294	0.8571428571428572	0.9	0.875	0.9074074074074074	0.8875	0.8987341772151899	0.9195402298850575	0.8904109589041096	0.9113924050632911	0.8777777777777778	0.8703703703703703	0.8793103448275862	0.9113924050632911	0.9	0.9	0.873015873015873	0.8735632183908046	0.8947368421052632	0.9	0.7733333333333333	0.9054054054054054	0.8160919540229885	0.9102564102564102	0.8933333333333333	0.8857142857142857	0.9130434782608696	0.8656716417910448	0.8857142857142857	0.9178082191780822	0.90625	0.8769230769230769	0.8857142857142857	0
ZINC|000031775789|;size=1;	0.7560975609756098	0.8837209302325582	0.8113207547169812	0.8983050847457628	0.8363636363636364	0.8225806451612903	0.8909090909090909	0.8421052631578947	0.85	0.8421052631578947	0.8269230769230769	0.8837209302325582	0.8529411764705882	0.8656716417910448	0.8309859154929577	0.8709677419354839	0.8461538461538461	0.8311688311688312	0.717948717948718	0.875	0.828125	0.9	0.8717948717948718	0.8461538461538461	0.8552631578947368	0.8695652173913043	0.8571428571428572	0.8904109589041096	0.8135593220338984	0.891566265060241	0.8787878787878788	0.8571428571428572	0.8448275862068966	0.8571428571428572	0.7254901960784313	0.7818181818181819	0.7857142857142857	0.8653846153846154	0.8518518518518519	0.864406779661017	0.8904109589041096	0
ZINC|000034074056|;size=4;	0.8269230769230769	0.8846153846153846	0.8412698412698413	0.8970588235294118	0.84375	0.8783783783783784	0.9242424242424242	0.8656716417910448	0.8208955223880597	0.8484848484848485	0.8360655737704918	0.9056603773584906	0.8571428571428572	0.8533333333333333	0.8658536585365854	0.8732394366197183	0.8356164383561644	0.8372093023255813	0.8679245283018868	0.896551724137931	0.8513513513513513	0.8979591836734694	0.8979591836734694	0.8524590163934427	0.872093023255814	0.8928571428571429	0.7901234567901234	0.8625	0.8405797101449275	0.8539325842696629	0.8493150684931507	0.8767123287671232	0.7580645161290323	0.7868852459016393	0.7903225806451613	0.8333333333333334	0.8529411764705882	0.8688524590163934	0.8387096774193549	0.796875	0.8181818181818181	0.8571428571428572	0
ZINC|000035320571|;size=6;	0.84375	0.8275862068965517	0.8863636363636364	0.813953488372093	0.8636363636363636	0.9074074074074074	0.8809523809523809	0.7906976744186046	0.7209302325581395	0.8936170212765957	0.8809523809523809	0.7857142857142857	0.9152542372881356	0.8301886792452831	0.921875	0.9019607843137255	0.9107142857142857	0.8484848484848485	0.8	0.75	0.8909090909090909	0.8461538461538461	0.8	0.7894736842105263	0.859375	0.8484848484848485	0.8787878787878788	0.8035714285714286	0.9019607843137255	0.8857142857142857	0.8461538461538461	0.8846153846153846	0.8958333333333334	0.8888888888888888	0.8409090909090909	0.8958333333333334	0.8260869565217391	0.875	0.8571428571428572	0.8723404255319149	0.864406779661017	0.88	0.8620689655172413	0
ZINC|000036893475|;size=54;	0.7058823529411764	0.8285714285714285	0.8333333333333334	0.8627450980392157	0.8125	0.8214285714285714	0.8979591836734694	0.8867924528301887	0.8518518518518519	0.7708333333333334	0.8260869565217391	0.8285714285714285	0.7321428571428572	0.85	0.7540983606557377	0.74	0.7636363636363637	0.8309859154929577	0.868421052631579	0.8536585365853658	0.7407407407407407	0.8787878787878788	0.84375	0.7954545454545454	0.904109589041096	0.8461538461538461	0.8591549295774648	0.8787878787878788	0.7647058823529411	0.8961038961038961	0.8448275862068966	0.8181818181818181	0.8235294117647058	0.7045454545454546	0.8163265306122449	0.7234042553191489	0.8490566037735849	0.7619047619047619	0.7209302325581395	0.8	0.8787878787878788	0.8545454545454545	0.8412698412698413	0.8863636363636364	0
ZINC|000039333569|;size=6;	0.8108108108108107	0.8611111111111112	0.8571428571428572	0.7659574468085106	0.8367346938775511	0.8620689655172413	0.875	0.7708333333333334	0.7346938775510203	0.8200000000000001	0.851063829787234	0.7575757575757576	0.873015873015873	0.7678571428571428	0.8125	0.8545454545454545	0.7407407407407407	0.863013698630137	0.868421052631579	0.7948717948717949	0.847457627118644	0.8787878787878788	0.84375	0.7073170731707317	0.904109589041096	0.875	0.7727272727272727	0.8615384615384616	0.875	0.9240506329113924	0.7358490566037736	0.8596491228070176	0.8461538461538461	0.7872340425531915	0.8627450980392157	0.8679245283018868	0.7551020408163265	0.8444444444444444	0.8297872340425532	0.8	0.9117647058823529	0.875	0.8412698412698413	0.8048780487804879	0.8085106382978724	0
ZINC|000039956894|;size=2;	0.7297297297297297	0.7777777777777778	0.7173913043478262	0.8909090909090909	0.75	0.8305084745762712	0.8823529411764706	0.8518518518518519	0.8181818181818181	0.8518518518518519	0.7333333333333334	0.8717948717948718	0.7868852459016393	0.8571428571428572	0.8382352941176471	0.8620689655172413	0.8548387096774194	0.8533333333333333	0.85	0.8636363636363636	0.8360655737704918	0.8571428571428572	0.8571428571428572	0.8085106382978724	0.8472222222222222	0.8837209302325582	0.8493150684931507	0.8840579710144928	0.8421052631578947	0.8860759493670887	0.8135593220338984	0.8070175438596492	0.8113207547169812	0.8235294117647058	0.7551020408163265	0.7884615384615384	0.8148148148148149	0.8541666666666666	0.7659574468085106	0.8545454545454545	0.8676470588235294	0.7777777777777778	0.8307692307692307	0.8444444444444444	0.8431372549019608	0.8653846153846154	0
ZINC|000064857594|;size=1;	0.8727272727272728	0.7959183673469388	0.84375	0.8823529411764706	0.828125	0.8947368421052632	0.8923076923076922	0.9154929577464789	0.904109589041096	0.8676470588235294	0.7796610169491526	0.9074074074074074	0.858974358974359	0.8987341772151899	0.9069767441860466	0.8904109589041096	0.8974358974358975	0.8651685393258427	0.8909090909090909	0.8596491228070176	0.8831168831168831	0.9	0.9	0.8360655737704918	0.8863636363636364	0.875	0.9	0.9047619047619048	0.8904109589041096	0.8555555555555556	0.8961038961038961	0.8472222222222222	0.8695652173913043	0.8805970149253731	0.8656716417910448	0.8529411764705882	0.8714285714285714	0.8888888888888888	0.8225806451612903	0.9014084507042254	0.8641975308641976	0.8904109589041096	0.8625	0.8833333333333333	0.8787878787878788	0.8955223880597015	0.8333333333333334	0
ZINC|000071772789|;size=1;	0.8260869565217391	0.8666666666666667	0.8620689655172413	0.7636363636363637	0.8448275862068966	0.8484848484848485	0.9152542372881356	0.7678571428571428	0.819672131147541	0.7678571428571428	0.8571428571428572	0.8913043478260869	0.8591549295774648	0.7846153846153846	0.8831168831168831	0.8412698412698413	0.835820895522388	0.8227848101265822	0.8958333333333334	0.8125	0.8	0.9069767441860466	0.8809523809523809	0.7142857142857143	0.9024390243902439	0.8541666666666666	0.7866666666666666	0.8493150684931507	0.8412698412698413	0.9080459770114943	0.796875	0.828125	0.8524590163934427	0.8448275862068966	0.847457627118644	0.8135593220338984	0.7758620689655172	0.8727272727272728	0.8181818181818181	0.8524590163934427	0.9090909090909091	0.8412698412698413	0.8472222222222222	0.8431372549019608	0.8214285714285714	0.7058823529411764	0.85	0.88	0
ZINC|000075537720|;size=7;	0.8148148148148149	0.7391304347826086	0.8717948717948718	0.85	0.875	0.8260869565217391	0.8333333333333334	0.8809523809523809	0.8888888888888888	0.8536585365853658	0.8648648648648649	0.7391304347826086	0.8653846153846154	0.9038461538461539	0.8771929824561404	0.8666666666666667	0.8571428571428572	0.890625	0.8076923076923077	0.7931034482758621	0.88	0.8095238095238095	0.75	0.8285714285714285	0.9206349206349207	0.7777777777777778	0.9047619047619048	0.8928571428571429	0.8666666666666667	0.8769230769230769	0.8775510204081632	0.8723404255319149	0.8837209302325582	0.8461538461538461	0.8205128205128205	0.8571428571428572	0.8863636363636364	0.8571428571428572	0.8055555555555556	0.8837209302325582	0.8928571428571429	0.8913043478260869	0.8909090909090909	0.84375	0.8108108108108107	0.8421052631578947	0.8809523809523809	0.8928571428571429	0.875	0
ZINC|000077028604|;size=13;	0.8148148148148149	0.7916666666666666	0.8717948717948718	0.8780487804878049	0.8461538461538461	0.8979591836734694	0.8648648648648649	0.825	0.8372093023255813	0.8809523809523809	0.8648648648648649	0.7916666666666666	0.9074074074074074	0.8823529411764706	0.9152542372881356	0.8913043478260869	0.9019607843137255	0.873015873015873	0.7083333333333333	0.8333333333333334	0.9019607843137255	0.8095238095238095	0.75	0.8611111111111112	0.8852459016393442	0.8214285714285714	0.9047619047619048	0.8301886792452831	0.8666666666666667	0.8412698412698413	0.9	0.8958333333333334	0.8837209302325582	0.875	0.8205128205128205	0.8837209302325582	0.8863636363636364	0.8571428571428572	0.8378378378378378	0.8837209302325582	0.8301886792452831	0.8666666666666667	0.7291666666666667	0.7666666666666666	0.8717948717948718	0.8717948717948718	0.825	0.8928571428571429	0.8979591836734694	0.8148148148148149	0
ZINC|000077262235|;size=1;	0.8688524590163934	0.8813559322033898	0.8428571428571429	0.9078947368421053	0.8450704225352113	0.8333333333333334	0.9178082191780822	0.8947368421052632	0.8701298701298701	0.8648648648648649	0.855072463768116	0.9180327868852459	0.8292682926829268	0.8674698795180723	0.8255813953488372	0.8571428571428572	0.8375	0.7294117647058824	0.8070175438596492	0.8923076923076922	0.8795180722891567	0.8928571428571429	0.9122807017543859	0.8529411764705882	0.8333333333333334	0.8709677419354839	0.8478260869565217	0.875	0.8421052631578947	0.865979381443299	0.8354430379746836	0.8461538461538461	0.881578947368421	0.8767123287671232	0.7794117647058824	0.8666666666666667	0.8974358974358975	0.8840579710144928	0.75	0.8961038961038961	0.8488372093023255	0.7945205479452055	0.8333333333333334	0.8955223880597015	0.8088235294117647	0.8904109589041096	0.8333333333333334	0.875	0.8625	0.8870967741935484	0.8688524590163934	0
ZINC|000077262254|;size=1;	0.8727272727272728	0.8431372549019608	0.84375	0.8307692307692307	0.828125	0.88	0.9090909090909091	0.8507462686567164	0.8235294117647058	0.8676470588235294	0.8387096774193549	0.9074074074074074	0.8734177215189873	0.8082191780821918	0.8941176470588236	0.8591549295774648	0.868421052631579	0.8522727272727273	0.8909090909090909	0.8181818181818181	0.8831168831168831	0.9	0.9	0.7966101694915254	0.8470588235294118	0.875	0.8352941176470589	0.8205128205128205	0.8591549295774648	0.8681318681318682	0.8194444444444444	0.8472222222222222	0.8695652173913043	0.8805970149253731	0.8484848484848485	0.8529411764705882	0.8208955223880597	0.8709677419354839	0.8412698412698413	0.8695652173913043	0.85	0.875	0.8481012658227848	0.7818181818181819	0.8615384615384616	0.8253968253968254	0.8507462686567164	0.85	0.8333333333333334	0.8928571428571429	0.8727272727272728	0.7926829268292683	0
ZINC|000078571100|;size=1;	0.8793103448275862	0.8928571428571429	0.9	0.8873239436619719	0.8857142857142857	0.9125	0.9285714285714286	0.8888888888888888	0.8472222222222222	0.8888888888888888	0.8970588235294118	0.9122807017543859	0.8780487804878049	0.9024390243902439	0.9222222222222223	0.8947368421052632	0.9012345679012346	0.8571428571428572	0.896551724137931	0.9032258064516129	0.8734177215189873	0.9259259259259259	0.9056603773584906	0.8787878787878788	0.8255813953488372	0.9	0.9148936170212766	0.7662337662337663	0.8947368421052632	0.8089887640449438	0.9135802469135803	0.8974358974358975	0.8904109589041096	0.9014084507042254	0.855072463768116	0.8904109589041096	0.8918918918918919	0.8939393939393939	0.8656716417910448	0.9054054054054054	0.7974683544303798	0.88	0.8536585365853658	0.8524590163934427	0.8507462686567164	0.9	0.8732394366197183	0.8823529411764706	0.8846153846153846	0.8983050847457628	0.8596491228070176	0.8539325842696629	0.8554216867469879	0
ZINC|000096767156|;size=12;	0.8333333333333334	0.9016393442622951	0.71875	0.9090909090909091	0.8783783783783784	0.8641975308641976	0.9189189189189189	0.9240506329113924	0.8421052631578947	0.8513513513513513	0.8732394366197183	0.9193548387096774	0.7875	0.8690476190476191	0.8539325842696629	0.8734177215189873	0.825	0.8645833333333334	0.921875	0.8769230769230769	0.8395061728395061	0.9137931034482758	0.9137931034482758	0.855072463768116	0.9183673469387755	0.873015873015873	0.7701149425287357	0.9247311827956989	0.858974358974359	0.8787878787878788	0.8518518518518519	0.8765432098765432	0.8378378378378378	0.8472222222222222	0.8493150684931507	0.8533333333333333	0.8701298701298701	0.8529411764705882	0.8260869565217391	0.821917808219178	0.8888888888888888	0.858974358974359	0.7625	0.9285714285714286	0.7761194029850746	0.8611111111111112	0.8666666666666667	0.8764044943820225	0.8780487804878049	0.8888888888888888	0.9230769230769231	0.8369565217391304	0.8888888888888888	0.8924731182795699	0
ZINC|000100028860|;size=19;	0.8387096774193549	0.7777777777777778	0.8571428571428572	0.8888888888888888	0.8604651162790697	0.8846153846153846	0.7222222222222222	0.8913043478260869	0.8979591836734694	0.813953488372093	0.85	0.8214285714285714	0.8947368421052632	0.9107142857142857	0.9032258064516129	0.9	0.9090909090909091	0.8970588235294118	0.8333333333333334	0.78125	0.9090909090909091	0.84	0.7391304347826086	0.8461538461538461	0.9090909090909091	0.8064516129032258	0.9104477611940298	0.9180327868852459	0.9	0.9	0.8867924528301887	0.8823529411764706	0.8936170212765957	0.8863636363636364	0.8888888888888888	0.8695652173913043	0.8958333333333334	0.8717948717948718	0.825	0.8936170212765957	0.8813559322033898	0.8775510204081632	0.9166666666666666	0.8611111111111112	0.8837209302325582	0.8837209302325582	0.8666666666666667	0.8620689655172413	0.9056603773584906	0.8387096774193549	0.8387096774193549	0.9104477611940298	0.9	0.921875	0.9117647058823529	0
ZINC|000100034493|;size=1;	0.8387096774193549	0.7777777777777778	0.8837209302325582	0.7804878048780488	0.8863636363636364	0.9056603773584906	0.8780487804878049	0.8913043478260869	0.875	0.7857142857142857	0.8780487804878049	0.8214285714285714	0.8947368421052632	0.9107142857142857	0.9206349206349207	0.8775510204081632	0.8679245283018868	0.9130434782608696	0.8333333333333334	0.8181818181818181	0.8888888888888888	0.84	0.7916666666666666	0.8157894736842105	0.9253731343283582	0.8064516129032258	0.8939393939393939	0.8813559322033898	0.8775510204081632	0.9154929577464789	0.9074074074074074	0.86	0.8936170212765957	0.8863636363636364	0.8636363636363636	0.8695652173913043	0.8958333333333334	0.8717948717948718	0.8536585365853658	0.7906976744186046	0.8620689655172413	0.9	0.8596491228070176	0.8611111111111112	0.8571428571428572	0.8571428571428572	0.8913043478260869	0.9	0.8846153846153846	0.8	0.8387096774193549	0.9104477611940298	0.9	0.9047619047619048	0.8787878787878788	0.8571428571428572	0
ZINC|000100038588|;size=2;	0.8387096774193549	0.7777777777777778	0.8837209302325582	0.8636363636363636	0.8863636363636364	0.9056603773584906	0.7894736842105263	0.8913043478260869	0.8979591836734694	0.7857142857142857	0.8780487804878049	0.8214285714285714	0.8947368421052632	0.9107142857142857	0.9206349206349207	0.8775510204081632	0.8888888888888888	0.9130434782608696	0.8333333333333334	0.7419354838709677	0.8888888888888888	0.7391304347826086	0.7916666666666666	0.8461538461538461	0.9253731343283582	0.7241379310344828	0.9104477611940298	0.9	0.8775510204081632	0.8840579710144928	0.9074074074074074	0.8823529411764706	0.8444444444444444	0.8863636363636364	0.8636363636363636	0.8695652173913043	0.8723404255319149	0.8717948717948718	0.8536585365853658	0.8936170212765957	0.8813559322033898	0.8775510204081632	0.8793103448275862	0.8611111111111112	0.8571428571428572	0.8837209302325582	0.8913043478260869	0.8421052631578947	0.8846153846153846	0.8	0.8387096774193549	0.9104477611940298	0.9	0.9047619047619048	0.8615384615384616	0.75	0.8235294117647058	0
ZINC|000100069153|;size=2;	0.8285714285714285	0.7333333333333334	0.7954545454545454	0.9	0.8	0.875	0.8666666666666667	0.9019607843137255	0.8653846153846154	0.8571428571428572	0.7857142857142857	0.8484848484848485	0.847457627118644	0.9	0.8939393939393939	0.8679245283018868	0.8793103448275862	0.8888888888888888	0.8571428571428572	0.8421052631578947	0.8983050847457628	0.8666666666666667	0.8275862068965517	0.8372093023255813	0.8507462686567164	0.8648648648648649	0.9014084507042254	0.890625	0.8679245283018868	0.8918918918918919	0.8771929824561404	0.8301886792452831	0.86	0.851063829787234	0.8541666666666666	0.86	0.8846153846153846	0.8604651162790697	0.7906976744186046	0.8823529411764706	0.873015873015873	0.8888888888888888	0.8888888888888888	0.8205128205128205	0.8723404255319149	0.8723404255319149	0.782608695652174	0.8166666666666667	0.875	0.8611111111111112	0.7941176470588236	0.8857142857142857	0.8548387096774194	0.8615384615384616	0.9178082191780822	0.8461538461538461	0.875	0.875	0
ZINC|000100233598|;size=2;	0.7333333333333334	0.8333333333333334	0.8095238095238095	0.8695652173913043	0.813953488372093	0.8461538461538461	0.8	0.8723404255319149	0.8333333333333334	0.7380952380952381	0.8	0.8333333333333334	0.8392857142857143	0.8545454545454545	0.8709677419354839	0.86	0.8518518518518519	0.8840579710144928	0.84375	0.8285714285714285	0.8518518518518519	0.8518518518518519	0.8076923076923077	0.7948717948717949	0.8955223880597015	0.8181818181818181	0.8636363636363636	0.9032258064516129	0.8367346938775511	0.8873239436619719	0.8269230769230769	0.8431372549019608	0.8260869565217391	0.813953488372093	0.8181818181818181	0.8260869565217391	0.8297872340425532	0.8205128205128205	0.8048780487804879	0.8260869565217391	0.9032258064516129	0.8125	0.864406779661017	0.868421052631579	0.8095238095238095	0.8372093023255813	0.8222222222222222	0.847457627118644	0.8461538461538461	0.8484848484848485	0.8484848484848485	0.8805970149253731	0.8852459016393442	0.890625	0.8656716417910448	0.7272727272727273	0.8648648648648649	0.7647058823529411	0.8536585365853658	0
ZINC|000101112334|;size=7;	0.7692307692307692	0.8909090909090909	0.8484848484848485	0.8529411764705882	0.8333333333333334	0.8378378378378378	0.927536231884058	0.9027777777777778	0.8767123287671232	0.855072463768116	0.84375	0.9107142857142857	0.8481012658227848	0.858974358974359	0.736842105263158	0.8142857142857143	0.8266666666666667	0.8555555555555556	0.875	0.9016393442622951	0.7777777777777778	0.9245283018867925	0.9038461538461539	0.859375	0.8636363636363636	0.8983050847457628	0.8255813953488372	0.8941176470588236	0.8142857142857143	0.8461538461538461	0.8846153846153846	0.8666666666666667	0.8732394366197183	0.8153846153846154	0.78125	0.75	0.8088235294117647	0.8571428571428572	0.8461538461538461	0.8732394366197183	0.8941176470588236	0.7971014492753623	0.8518518518518519	0.8870967741935484	0.7741935483870968	0.8985507246376812	0.8208955223880597	0.8809523809523809	0.8831168831168831	0.8771929824561404	0.8771929824561404	0.8522727272727273	0.8536585365853658	0.8850574712643678	0.8666666666666667	0.9206349206349207	0.9032258064516129	0.9032258064516129	0.8939393939393939	0.8709677419354839	0
ZINC|000104141533|;size=4;	0.7777777777777778	0.8695652173913043	0.7592592592592593	0.9047619047619048	0.8275862068965517	0.8153846153846154	0.8983050847457628	0.90625	0.8769230769230769	0.8709677419354839	0.7962962962962963	0.8936170212765957	0.8285714285714285	0.8732394366197183	0.84	0.8955223880597015	0.855072463768116	0.8674698795180723	0.8979591836734694	0.8846153846153846	0.8382352941176471	0.9090909090909091	0.8837209302325582	0.8363636363636364	0.8902439024390244	0.9019607843137255	0.8051948051948052	0.9102564102564102	0.8615384615384616	0.8571428571428572	0.8695652173913043	0.8656716417910448	0.8360655737704918	0.8666666666666667	0.8103448275862069	0.7321428571428572	0.8	0.8545454545454545	0.8421052631578947	0.873015873015873	0.8961038961038961	0.8064516129032258	0.8	0.8888888888888888	0.864406779661017	0.8833333333333333	0.7931034482758621	0.8513513513513513	0.8676470588235294	0.9	0.8297872340425532	0.8780487804878049	0.8666666666666667	0.8717948717948718	0.8518518518518519	0.8867924528301887	0.9074074074074074	0.9074074074074074	0.8571428571428572	0.8490566037735849	0.8243243243243243	0
ZINC|000170596104|;size=24;	0.7058823529411764	0.8611111111111112	0.782608695652174	0.8163265306122449	0.8367346938775511	0.8620689655172413	0.875	0.8200000000000001	0.7843137254901961	0.8200000000000001	0.8	0.8285714285714285	0.8360655737704918	0.7894736842105263	0.8307692307692307	0.875	0.8275862068965517	0.8783783783783784	0.868421052631579	0.7631578947368421	0.8070175438596492	0.8787878787878788	0.84375	0.7380952380952381	0.904109589041096	0.8461538461538461	0.791044776119403	0.8615384615384616	0.8333333333333334	0.9102564102564102	0.8035714285714286	0.8392857142857143	0.8235294117647058	0.8367346938775511	0.7916666666666666	0.8235294117647058	0.7291666666666667	0.8444444444444444	0.8043478260869565	0.8235294117647058	0.8955223880597015	0.7884615384615384	0.859375	0.8048780487804879	0.7272727272727273	0.7555555555555555	0.7959183673469388	0.8787878787878788	0.8	0.8717948717948718	0.8717948717948718	0.8904109589041096	0.84375	0.9	0.8285714285714285	0.8571428571428572	0.8837209302325582	0.8571428571428572	0.8723404255319149	0.717948717948718	0.8307692307692307	0.8245614035087719	0
ZINC|000170596112|;size=1;	0.851063829787234	0.8666666666666667	0.8813559322033898	0.7857142857142857	0.8245614035087719	0.8656716417910448	0.9152542372881356	0.8688524590163934	0.8387096774193549	0.8305084745762712	0.8571428571428572	0.8913043478260869	0.875	0.8382352941176471	0.868421052631579	0.8032786885245902	0.835820895522388	0.8076923076923077	0.7073170731707317	0.86	0.8181818181818181	0.9069767441860466	0.8809523809523809	0.8333333333333334	0.8461538461538461	0.8541666666666666	0.8481012658227848	0.8493150684931507	0.8412698412698413	0.8823529411764706	0.8840579710144928	0.8461538461538461	0.8524590163934427	0.8448275862068966	0.7636363636363637	0.8524590163934427	0.8360655737704918	0.8727272727272728	0.8181818181818181	0.8709677419354839	0.8648648648648649	0.7833333333333333	0.8309859154929577	0.8431372549019608	0.8214285714285714	0.8421052631578947	0.85	0.8493150684931507	0.8307692307692307	0.875	0.8260869565217391	0.7361111111111112	0.7647058823529411	0.84	0.891566265060241	0.9056603773584906	0.8846153846153846	0.8846153846153846	0.875	0.8679245283018868	0.821917808219178	0.8840579710144928	0.8620689655172413	0
ZINC|000225476048|;size=3;	0.8717948717948718	0.8285714285714285	0.88	0.84	0.86	0.8620689655172413	0.8	0.7959183673469388	0.76	0.8867924528301887	0.875	0.8611111111111112	0.9076923076923077	0.8305084745762712	0.9142857142857143	0.9137931034482758	0.9206349206349207	0.863013698630137	0.8055555555555556	0.7297297297297297	0.8852459016393442	0.8787878787878788	0.8064516129032258	0.7954545454545454	0.8571428571428572	0.8461538461538461	0.875	0.7868852459016393	0.9137931034482758	0.8666666666666667	0.8448275862068966	0.8596491228070176	0.9090909090909091	0.9038461538461539	0.8627450980392157	0.8888888888888888	0.8269230769230769	0.8695652173913043	0.8297872340425532	0.8888888888888888	0.8253968253968254	0.875	0.859375	0.7435897435897436	0.9019607843137255	0.8333333333333334	0.8431372549019608	0.8787878787878788	0.8620689655172413	0.8717948717948718	0.7428571428571429	0.875	0.8253968253968254	0.8840579710144928	0.9066666666666666	0.8292682926829268	0.8837209302325582	0.8571428571428572	0.8478260869565217	0.8636363636363636	0.8656716417910448	0.8833333333333333	0.7555555555555555	0.8214285714285714	0
ZINC|000225476179|;size=2;	0.875	0.8333333333333334	0.8823529411764706	0.9074074074074074	0.8627450980392157	0.8833333333333333	0.8775510204081632	0.8679245283018868	0.875	0.9090909090909091	0.8775510204081632	0.8648648648648649	0.9090909090909091	0.90625	0.9154929577464789	0.9152542372881356	0.9047619047619048	0.88	0.8108108108108107	0.8571428571428572	0.921875	0.8823529411764706	0.8484848484848485	0.875	0.8904109589041096	0.7894736842105263	0.9066666666666666	0.8636363636363636	0.9152542372881356	0.8831168831168831	0.9032258064516129	0.9	0.9107142857142857	0.9056603773584906	0.8653846153846154	0.8703703703703703	0.9122807017543859	0.8958333333333334	0.88	0.9107142857142857	0.8461538461538461	0.8771929824561404	0.8615384615384616	0.8372093023255813	0.9038461538461539	0.8823529411764706	0.8235294117647058	0.8970588235294118	0.8833333333333333	0.875	0.75	0.8450704225352113	0.8636363636363636	0.8695652173913043	0.9358974358974359	0.8604651162790697	0.8863636363636364	0.8863636363636364	0.851063829787234	0.8913043478260869	0.8840579710144928	0.8666666666666667	0.9038461538461539	0.8245614035087719	0.7872340425531915	0
ZINC|000225608314|;size=2;	0.8	0.8823529411764706	0.8387096774193549	0.8064516129032258	0.8412698412698413	0.8611111111111112	0.90625	0.8461538461538461	0.835820895522388	0.7704918032786885	0.8524590163934427	0.8823529411764706	0.8552631578947368	0.7313432835820896	0.8354430379746836	0.803030303030303	0.8	0.8876404494382022	0.9074074074074074	0.7647058823529411	0.8333333333333334	0.9183673469387755	0.8958333333333334	0.7894736842105263	0.8837209302325582	0.8490566037735849	0.8024691358024691	0.875	0.7846153846153846	0.8901098901098901	0.8309859154929577	0.791044776119403	0.8484848484848485	0.8412698412698413	0.8615384615384616	0.8484848484848485	0.8153846153846154	0.8275862068965517	0.8166666666666667	0.8484848484848485	0.9024390243902439	0.8714285714285714	0.858974358974359	0.8596491228070176	0.7796610169491526	0.8	0.8636363636363636	0.875	0.7575757575757576	0.8888888888888888	0.9090909090909091	0.872093023255814	0.7837837837837838	0.9058823529411765	0.8333333333333334	0.8771929824561404	0.896551724137931	0.8571428571428572	0.9047619047619048	0.8421052631578947	0.85	0.8783783783783784	0.7142857142857143	0.8285714285714285	0.819672131147541	0.9264705882352942	0
ZINC|000238833219|;size=1;	0.7142857142857143	0.8333333333333334	0.86	0.8653846153846154	0.84	0.8448275862068966	0.8775510204081632	0.8888888888888888	0.875	0.8235294117647058	0.8297872340425532	0.8648648648648649	0.8571428571428572	0.8709677419354839	0.796875	0.7692307692307692	0.7894736842105263	0.88	0.8421052631578947	0.8571428571428572	0.7894736842105263	0.8823529411764706	0.8125	0.8260869565217391	0.875	0.8205128205128205	0.8611111111111112	0.8970588235294118	0.7692307692307692	0.9113924050632911	0.8852459016393442	0.8214285714285714	0.8490566037735849	0.7916666666666666	0.8200000000000001	0.803921568627451	0.8518518518518519	0.7674418604651163	0.8333333333333334	0.8490566037735849	0.8970588235294118	0.8571428571428572	0.8615384615384616	0.8888888888888888	0.7608695652173914	0.8367346938775511	0.8679245283018868	0.8461538461538461	0.8448275862068966	0.8461538461538461	0.875	0.8450704225352113	0.8636363636363636	0.8857142857142857	0.8783783783783784	0.8863636363636364	0.8604651162790697	0.8604651162790697	0.875	0.8409090909090909	0.8153846153846154	0.8852459016393442	0.86	0.8245614035087719	0.8823529411764706	0.9056603773584906	0.8412698412698413	0
ZINC|000238853551|;size=12;	0.8421052631578947	0.8285714285714285	0.88	0.8627450980392157	0.86	0.9	0.875	0.8653846153846154	0.8301886792452831	0.8653846153846154	0.851063829787234	0.8611111111111112	0.890625	0.8870967741935484	0.9142857142857143	0.875	0.8852459016393442	0.863013698630137	0.8378378378378378	0.8536585365853658	0.8666666666666667	0.8787878787878788	0.84375	0.8478260869565217	0.8571428571428572	0.8461538461538461	0.9054054054054054	0.7457627118644068	0.875	0.7313432835820896	0.9016393442622951	0.8793103448275862	0.8679245283018868	0.8823529411764706	0.8163265306122449	0.8679245283018868	0.8909090909090909	0.8695652173913043	0.8541666666666666	0.8888888888888888	0.7666666666666666	0.875	0.8032786885245902	0.8048780487804879	0.8571428571428572	0.88	0.8431372549019608	0.8615384615384616	0.8620689655172413	0.8421052631578947	0.7058823529411764	0.8428571428571429	0.8253968253968254	0.7377049180327868	0.9066666666666666	0.8837209302325582	0.8571428571428572	0.8571428571428572	0.8478260869565217	0.8636363636363636	0.8656716417910448	0.8245614035087719	0.88	0.8214285714285714	0.8333333333333334	0.8367346938775511	0.8923076923076922	0.86	0
ZINC|000253417458|;size=6;	0.8837209302325582	0.8157894736842105	0.8888888888888888	0.8928571428571429	0.8703703703703703	0.90625	0.8627450980392157	0.8947368421052632	0.9	0.875	0.8846153846153846	0.875	0.8970588235294118	0.9104477611940298	0.904109589041096	0.8833333333333333	0.8923076923076922	0.8082191780821918	0.7297297297297297	0.7857142857142857	0.8923076923076922	0.8918918918918919	0.8611111111111112	0.86	0.8493150684931507	0.8048780487804879	0.8961038961038961	0.8695652173913043	0.8833333333333333	0.8441558441558441	0.9076923076923077	0.8688524590163934	0.9152542372881356	0.9107142857142857	0.7346938775510203	0.8771929824561404	0.9166666666666666	0.9019607843137255	0.8653846153846154	0.9152542372881356	0.8529411764705882	0.8035714285714286	0.8676470588235294	0.8478260869565217	0.8888888888888888	0.9090909090909091	0.8545454545454545	0.835820895522388	0.90625	0.8571428571428572	0.8292682926829268	0.8028169014084507	0.8695652173913043	0.875	0.8974358974358975	0.8181818181818181	0.8695652173913043	0.8181818181818181	0.86	0.851063829787234	0.8732394366197183	0.890625	0.8888888888888888	0.7931034482758621	0.8	0.8490566037735849	0.8823529411764706	0.8703703703703703	0.8461538461538461	0
ZINC|000254826953|;size=2;	0.8571428571428572	0.8723404255319149	0.8666666666666667	0.8709677419354839	0.85	0.8857142857142857	0.9180327868852459	0.8360655737704918	0.84375	0.8360655737704918	0.8813559322033898	0.8958333333333334	0.8783783783783784	0.8591549295774648	0.8860759493670887	0.8095238095238095	0.7878787878787878	0.8554216867469879	0.8297872340425532	0.8867924528301887	0.8405797101449275	0.9111111111111111	0.8863636363636364	0.8596491228070176	0.8780487804878049	0.8823529411764706	0.8076923076923077	0.821917808219178	0.8095238095238095	0.8588235294117648	0.8873239436619719	0.8333333333333334	0.875	0.8688524590163934	0.8135593220338984	0.875	0.8939393939393939	0.8571428571428572	0.864406779661017	0.875	0.8378378378378378	0.8461538461538461	0.7857142857142857	0.8703703703703703	0.847457627118644	0.8666666666666667	0.8548387096774194	0.8831168831168831	0.835820895522388	0.88	0.7555555555555555	0.8076923076923077	0.8378378378378378	0.8441558441558441	0.8674698795180723	0.9090909090909091	0.8679245283018868	0.8888888888888888	0.8793103448275862	0.8727272727272728	0.8571428571428572	0.8382352941176471	0.8852459016393442	0.78125	0.847457627118644	0.85	0.8493150684931507	0.8103448275862069	0.7636363636363637	0.8571428571428572	0
ZINC|000257349764|;size=8;	0.9074074074074074	0.88	0.9242424242424242	0.9104477611940298	0.8923076923076922	0.92	0.921875	0.9117647058823529	0.8507462686567164	0.9117647058823529	0.9047619047619048	0.9019607843137255	0.9113924050632911	0.9230769230769231	0.9418604651162791	0.9014084507042254	0.9078947368421053	0.9111111111111111	0.8846153846153846	0.8928571428571429	0.922077922077922	0.9166666666666666	0.8936170212765957	0.9032258064516129	0.8953488372093024	0.8888888888888888	0.9333333333333333	0.8133333333333334	0.9166666666666666	0.8095238095238095	0.935064935064935	0.9189189189189189	0.9130434782608696	0.9253731343283582	0.8769230769230769	0.8970588235294118	0.9142857142857143	0.9193548387096774	0.90625	0.9130434782608696	0.8289473684210527	0.9166666666666666	0.8717948717948718	0.8363636363636364	0.890625	0.9242424242424242	0.8955223880597015	0.9012345679012346	0.92	0.8867924528301887	0.7959183673469388	0.896551724137931	0.8734177215189873	0.7397260273972603	0.9101123595505618	0.9137931034482758	0.8947368421052632	0.8947368421052632	0.847457627118644	0.9166666666666666	0.9036144578313253	0.8918918918918919	0.9242424242424242	0.875	0.873015873015873	0.8571428571428572	0.9259259259259259	0.9090909090909091	0.7090909090909091	0.8636363636363636	0.8472222222222222	0
ZINC|000257373322|;size=4;	0.8043478260869565	0.8936170212765957	0.8448275862068966	0.8103448275862069	0.847457627118644	0.8676470588235294	0.9166666666666666	0.7719298245614035	0.7627118644067796	0.8709677419354839	0.8392857142857143	0.8695652173913043	0.8767123287671232	0.7692307692307692	0.8552631578947368	0.8787878787878788	0.8208955223880597	0.825	0.7727272727272727	0.84	0.7846153846153846	0.9090909090909091	0.8837209302325582	0.7450980392156863	0.8481012658227848	0.88	0.7894736842105263	0.8513513513513513	0.84375	0.9090909090909091	0.78125	0.8484848484848485	0.8360655737704918	0.8666666666666667	0.8103448275862069	0.8360655737704918	0.7142857142857143	0.875	0.8421052631578947	0.8548387096774194	0.881578947368421	0.8064516129032258	0.8169014084507042	0.8235294117647058	0.8245614035087719	0.7592592592592593	0.8333333333333334	0.8961038961038961	0.7580645161290323	0.8775510204081632	0.8541666666666666	0.85	0.8513513513513513	0.8860759493670887	0.8795180722891567	0.9074074074074074	0.9074074074074074	0.9074074074074074	0.896551724137931	0.8490566037735849	0.8552631578947368	0.835820895522388	0.7358490566037736	0.8333333333333334	0.8035714285714286	0.8852459016393442	0.7971014492753623	0.8275862068965517	0.864406779661017	0.873015873015873	0.855072463768116	0.9210526315789473	0
ZINC|000299888403|;size=4;	0.896551724137931	0.803921568627451	0.8656716417910448	0.9166666666666666	0.8507462686567164	0.8974358974358975	0.8787878787878788	0.9324324324324325	0.9210526315789473	0.8873239436619719	0.84375	0.8909090909090909	0.8625	0.927710843373494	0.9213483146067416	0.9078947368421053	0.9135802469135803	0.8924731182795699	0.8947368421052632	0.864406779661017	0.9135802469135803	0.8823529411764706	0.9038461538461539	0.859375	0.9010989010989011	0.8793103448275862	0.9139784946236559	0.9318181818181819	0.9078947368421053	0.8829787234042553	0.9125	0.8194444444444444	0.8732394366197183	0.8840579710144928	0.8857142857142857	0.8732394366197183	0.92	0.9090909090909091	0.8461538461538461	0.9189189189189189	0.9069767441860466	0.8933333333333333	0.9058823529411765	0.921875	0.8823529411764706	0.9142857142857143	0.8714285714285714	0.7123287671232876	0.8974358974358975	0.896551724137931	0.9152542372881356	0.8777777777777778	0.8941176470588236	0.9222222222222223	0.9032258064516129	0.847457627118644	0.8852459016393442	0.847457627118644	0.859375	0.8709677419354839	0.9213483146067416	0.9125	0.8823529411764706	0.8974358974358975	0.8985507246376812	0.9154929577464789	0.891566265060241	0.8840579710144928	0.9142857142857143	0.8405797101449275	0.9135802469135803	0.9036144578313253	0.9259259259259259	0
ZINC|000328593989|;size=6;	0.736842105263158	0.8157894736842105	0.7755102040816326	0.8727272727272728	0.803921568627451	0.8524590163934427	0.8627450980392157	0.8947368421052632	0.8620689655172413	0.7884615384615384	0.7659574468085106	0.875	0.75	0.8769230769230769	0.8059701492537313	0.864406779661017	0.8387096774193549	0.84	0.8809523809523809	0.7857142857142857	0.819672131147541	0.8918918918918919	0.8611111111111112	0.7608695652173914	0.8947368421052632	0.7105263157894737	0.8356164383561644	0.9014084507042254	0.8448275862068966	0.858974358974359	0.8548387096774194	0.8103448275862069	0.8363636363636364	0.8490566037735849	0.76	0.7924528301886793	0.8181818181818181	0.8571428571428572	0.7959183673469388	0.8571428571428572	0.8695652173913043	0.8035714285714286	0.8507462686567164	0.8958333333333334	0.8235294117647058	0.8679245283018868	0.7884615384615384	0.835820895522388	0.8135593220338984	0.8571428571428572	0.8837209302325582	0.8356164383561644	0.835820895522388	0.8904109589041096	0.821917808219178	0.8181818181818181	0.8695652173913043	0.8181818181818181	0.86	0.8	0.8405797101449275	0.8166666666666667	0.7755102040816326	0.8333333333333334	0.8679245283018868	0.8269230769230769	0.8125	0.8490566037735849	0.8679245283018868	0.8148148148148149	0.8571428571428572	0.9130434782608696	0.8548387096774194	0.8571428571428572	0
ZINC|000328598169|;size=2;	0.8863636363636364	0.85	0.8909090909090909	0.8947368421052632	0.8518518518518519	0.873015873015873	0.8431372549019608	0.896551724137931	0.864406779661017	0.9152542372881356	0.8653846153846154	0.8780487804878049	0.9142857142857143	0.8787878787878788	0.8904109589041096	0.8852459016393442	0.9104477611940298	0.8266666666666667	0.736842105263158	0.8695652173913043	0.8939393939393939	0.8947368421052632	0.8333333333333334	0.8846153846153846	0.8194444444444444	0.8888888888888888	0.9113924050632911	0.8714285714285714	0.9032258064516129	0.8607594936708861	0.8923076923076922	0.8709677419354839	0.9166666666666666	0.8928571428571429	0.8113207547169812	0.8793103448275862	0.8813559322033898	0.8823529411764706	0.8888888888888888	0.9166666666666666	0.855072463768116	0.8275862068965517	0.9014084507042254	0.8260869565217391	0.8909090909090909	0.9107142857142857	0.8571428571428572	0.8714285714285714	0.9242424242424242	0.8863636363636364	0.8333333333333334	0.821917808219178	0.8382352941176471	0.8767123287671232	0.9390243902439024	0.8723404255319149	0.8958333333333334	0.8958333333333334	0.84	0.9	0.8428571428571429	0.8923076923076922	0.9107142857142857	0.7966101694915254	0.803921568627451	0.8518518518518519	0.9154929577464789	0.8727272727272728	0.8269230769230769	0.7735849056603774	0.8769230769230769	0.8656716417910448	0.8923076923076922	0.875	0.8793103448275862	0
ZINC|000328598189|;size=7;	0.736842105263158	0.8461538461538461	0.7755102040816326	0.8301886792452831	0.803921568627451	0.8333333333333334	0.8846153846153846	0.8333333333333334	0.8	0.8545454545454545	0.7916666666666666	0.8461538461538461	0.728813559322034	0.8225806451612903	0.7878787878787878	0.8833333333333333	0.8571428571428572	0.84	0.8809523809523809	0.725	0.819672131147541	0.8918918918918919	0.8611111111111112	0.7045454545454546	0.8947368421052632	0.8863636363636364	0.8028169014084507	0.8695652173913043	0.864406779661017	0.8875	0.7543859649122807	0.8103448275862069	0.8363636363636364	0.8490566037735849	0.8076923076923077	0.8148148148148149	0.75	0.8571428571428572	0.7708333333333334	0.8363636363636364	0.9014084507042254	0.8245614035087719	0.8507462686567164	0.8222222222222222	0.8235294117647058	0.8	0.7884615384615384	0.8529411764705882	0.8135593220338984	0.8571428571428572	0.8837209302325582	0.8666666666666667	0.835820895522388	0.9054054054054054	0.8533333333333333	0.8695652173913043	0.8936170212765957	0.8936170212765957	0.86	0.8	0.8405797101449275	0.8166666666666667	0.7234042553191489	0.8524590163934427	0.8235294117647058	0.8909090909090909	0.8307692307692307	0.8703703703703703	0.8888888888888888	0.896551724137931	0.8923076923076922	0.9285714285714286	0.7758620689655172	0.8732394366197183	0.7450980392156863	0.8983050847457628	0
ZINC|000408525754|;size=5;	0.7857142857142857	0.8837209302325582	0.8545454545454545	0.8983050847457628	0.8363636363636364	0.859375	0.8909090909090909	0.8813559322033898	0.85	0.8620689655172413	0.8490566037735849	0.8571428571428572	0.8695652173913043	0.8656716417910448	0.863013698630137	0.8709677419354839	0.8461538461538461	0.8	0.717948717948718	0.8979591836734694	0.8461538461538461	0.9	0.8421052631578947	0.8461538461538461	0.8082191780821918	0.8936170212765957	0.8860759493670887	0.8591549295774648	0.8333333333333334	0.8641975308641976	0.8787878787878788	0.8387096774193549	0.8448275862068966	0.8571428571428572	0.75	0.8448275862068966	0.847457627118644	0.8431372549019608	0.8518518518518519	0.8448275862068966	0.8591549295774648	0.75	0.8405797101449275	0.8571428571428572	0.7647058823529411	0.8545454545454545	0.8214285714285714	0.875	0.8769230769230769	0.8913043478260869	0.813953488372093	0.7246376811594203	0.8428571428571429	0.8493150684931507	0.9012345679012346	0.9	0.9	0.9	0.8679245283018868	0.8367346938775511	0.8472222222222222	0.8615384615384616	0.74	0.7192982456140351	0.8333333333333334	0.8363636363636364	0.855072463768116	0.8363636363636364	0.8113207547169812	0.7592592592592593	0.828125	0.8529411764705882	0.7868852459016393	0.863013698630137	0.8448275862068966	0.7636363636363637	0.864406779661017	0
ZINC|000408525762|;size=1;	0.8333333333333334	0.8723404255319149	0.847457627118644	0.8524590163934427	0.7678571428571428	0.8181818181818181	0.9	0.8166666666666667	0.8064516129032258	0.8548387096774194	0.8421052631578947	0.8723404255319149	0.8472222222222222	0.8088235294117647	0.8266666666666667	0.8636363636363636	0.8405797101449275	0.8271604938271605	0.8297872340425532	0.7708333333333334	0.8571428571428572	0.8863636363636364	0.8863636363636364	0.7254901960784313	0.8641975308641976	0.9038461538461539	0.8227848101265822	0.868421052631579	0.8461538461538461	0.8977272727272727	0.8208955223880597	0.8333333333333334	0.8387096774193549	0.8305084745762712	0.7931034482758621	0.819672131147541	0.8032786885245902	0.8771929824561404	0.8245614035087719	0.8387096774193549	0.8974358974358975	0.7903225806451613	0.8666666666666667	0.8269230769230769	0.8070175438596492	0.7857142857142857	0.8166666666666667	0.8974358974358975	0.8	0.88	0.88	0.8375	0.8055555555555556	0.9012345679012346	0.8941176470588236	0.8888888888888888	0.9090909090909091	0.9090909090909091	0.8793103448275862	0.8518518518518519	0.8571428571428572	0.855072463768116	0.7636363636363637	0.8181818181818181	0.8275862068965517	0.85	0.782608695652174	0.8305084745762712	0.8852459016393442	0.8571428571428572	0.8571428571428572	0.922077922077922	0.7258064516129032	0.9	0.8387096774193549	0.8769230769230769	0.736842105263158	0.7903225806451613	0
ZINC|000408678551|;size=1;	0.7391304347826086	0.8297872340425532	0.8135593220338984	0.875	0.8360655737704918	0.8059701492537313	0.9032258064516129	0.8769230769230769	0.8656716417910448	0.8225806451612903	0.8275862068965517	0.9	0.7681159420289855	0.8309859154929577	0.7142857142857143	0.796875	0.7941176470588236	0.8170731707317074	0.8823529411764706	0.8490566037735849	0.7941176470588236	0.9148936170212766	0.8913043478260869	0.7818181818181819	0.8536585365853658	0.8867924528301887	0.7974683544303798	0.8860759493670887	0.796875	0.8876404494382022	0.7727272727272727	0.765625	0.84375	0.8166666666666667	0.7796610169491526	0.7666666666666666	0.828125	0.8421052631578947	0.7678571428571428	0.8615384615384616	0.8717948717948718	0.8333333333333334	0.84	0.875	0.7719298245614035	0.8333333333333334	0.8032786885245902	0.8571428571428572	0.8405797101449275	0.8627450980392157	0.8846153846153846	0.782051282051282	0.8421052631578947	0.8902439024390244	0.8433734939759037	0.8727272727272728	0.8928571428571429	0.8928571428571429	0.864406779661017	0.8571428571428572	0.7671232876712328	0.8260869565217391	0.8135593220338984	0.8405797101449275	0.8709677419354839	0.890625	0.8055555555555556	0.7966101694915254	0.8709677419354839	0.8615384615384616	0.8450704225352113	0.9102564102564102	0.8428571428571429	0.8888888888888888	0.7868852459016393	0.8805970149253731	0.7868852459016393	0.8333333333333334	0.8285714285714285	0
ZINC|000514288318|;size=4;	0.8727272727272728	0.8867924528301887	0.8955223880597015	0.8823529411764706	0.8461538461538461	0.8648648648648649	0.9253731343283582	0.8840579710144928	0.8405797101449275	0.8676470588235294	0.875	0.9074074074074074	0.8875	0.8701298701298701	0.9069767441860466	0.8904109589041096	0.8974358974358975	0.8390804597701149	0.8490566037735849	0.8983050847457628	0.868421052631579	0.9215686274509804	0.9	0.873015873015873	0.8604651162790697	0.8947368421052632	0.9120879120879121	0.8051948051948052	0.8904109589041096	0.8160919540229885	0.8961038961038961	0.8933333333333333	0.8857142857142857	0.8805970149253731	0.8484848484848485	0.8857142857142857	0.8714285714285714	0.8888888888888888	0.859375	0.9014084507042254	0.7894736842105263	0.8904109589041096	0.8181818181818181	0.864406779661017	0.8615384615384616	0.8955223880597015	0.8676470588235294	0.8641975308641976	0.8648648648648649	0.8301886792452831	0.8518518518518519	0.875	0.8354430379746836	0.782051282051282	0.9010989010989011	0.9180327868852459	0.9	0.8813559322033898	0.873015873015873	0.8852459016393442	0.825	0.881578947368421	0.8787878787878788	0.8493150684931507	0.8787878787878788	0.8636363636363636	0.8888888888888888	0.8805970149253731	0.7868852459016393	0.8857142857142857	0.8533333333333333	0.8289473684210527	0.8513513513513513	0.9195402298850575	0.8857142857142857	0.855072463768116	0.8857142857142857	0.8591549295774648	0.8974358974358975	0.8717948717948718	0
ZINC|001569999071|;size=1;	0.8717948717948718	0.71875	0.8333333333333334	0.8627450980392157	0.8367346938775511	0.9	0.875	0.8867924528301887	0.8928571428571429	0.8867924528301887	0.7727272727272727	0.8611111111111112	0.8548387096774194	0.9047619047619048	0.8985507246376812	0.875	0.8852459016393442	0.8783783783783784	0.8378378378378378	0.7948717948717949	0.8666666666666667	0.84375	0.84375	0.8222222222222222	0.8888888888888888	0.8157894736842105	0.875	0.8615384615384616	0.8545454545454545	0.881578947368421	0.8833333333333333	0.7962962962962963	0.8679245283018868	0.8823529411764706	0.8627450980392157	0.8679245283018868	0.8909090909090909	0.8936170212765957	0.7777777777777778	0.8679245283018868	0.8615384615384616	0.8947368421052632	0.8939393939393939	0.8604651162790697	0.88	0.88	0.8431372549019608	0.7666666666666666	0.8620689655172413	0.8421052631578947	0.8717948717948718	0.8591549295774648	0.84375	0.9154929577464789	0.9066666666666666	0.8571428571428572	0.8292682926829268	0.8292682926829268	0.7954545454545454	0.8888888888888888	0.8985507246376812	0.9016393442622951	0.88	0.8421052631578947	0.8571428571428572	0.86	0.8923076923076922	0.8367346938775511	0.88	0.8461538461538461	0.8666666666666667	0.890625	0.8833333333333333	0.7741935483870968	0.8461538461538461	0.8703703703703703	0.8461538461538461	0.8947368421052632	0.8666666666666667	0.8709677419354839	0.9117647058823529	0
ZINC|001569999093|;size=6;	0.8955223880597015	0.9076923076923077	0.8974358974358975	0.8860759493670887	0.8701298701298701	0.9213483146067416	0.9367088607594937	0.9146341463414634	0.8780487804878049	0.9012345679012346	0.8947368421052632	0.9076923076923077	0.8901098901098901	0.8876404494382022	0.9072164948453608	0.9058823529411765	0.898876404494382	0.87	0.8939393939393939	0.9154929577464789	0.898876404494382	0.9365079365079365	0.9193548387096774	0.8933333333333333	0.8541666666666666	0.9130434782608696	0.9223300970873787	0.8571428571428572	0.8795180722891567	0.85	0.8977272727272727	0.8953488372093024	0.875	0.8846153846153846	0.8571428571428572	0.8888888888888888	0.9036144578313253	0.8918918918918919	0.881578947368421	0.9024390243902439	0.8817204301075269	0.9058823529411765	0.8681318681318682	0.855072463768116	0.8831168831168831	0.8974358974358975	0.8734177215189873	0.8695652173913043	0.896551724137931	0.9117647058823529	0.8955223880597015	0.89	0.8181818181818181	0.7701149425287357	0.912621359223301	0.9315068493150684	0.9166666666666666	0.9166666666666666	0.863013698630137	0.904109589041096	0.8842105263157894	0.8977272727272727	0.8974358974358975	0.8433734939759037	0.9113924050632911	0.9125	0.8913043478260869	0.8987341772151899	0.821917808219178	0.8888888888888888	0.8863636363636364	0.8255813953488372	0.8850574712643678	0.9292929292929293	0.9024390243902439	0.8902439024390244	0.9156626506024097	0.8658536585365854	0.898876404494382	0.9010989010989011	0.8314606741573034	0.925	0
ZINC|001772491117|;size=1;	0.7692307692307692	0.8461538461538461	0.8461538461538461	0.8727272727272728	0.8490566037735849	0.8524590163934427	0.9056603773584906	0.8947368421052632	0.8813559322033898	0.8333333333333334	0.8627450980392157	0.875	0.8636363636363636	0.8769230769230769	0.8235294117647058	0.7818181818181819	0.8	0.8552631578947368	0.8536585365853658	0.8666666666666667	0.7586206896551724	0.8918918918918919	0.8611111111111112	0.8367346938775511	0.88	0.8604651162790697	0.8513513513513513	0.9014084507042254	0.7358490566037736	0.9012345679012346	0.890625	0.85	0.8571428571428572	0.803921568627451	0.8301886792452831	0.7692307692307692	0.8392857142857143	0.8085106382978724	0.8431372549019608	0.8571428571428572	0.9014084507042254	0.8245614035087719	0.8333333333333334	0.8958333333333334	0.7755102040816326	0.8461538461538461	0.8545454545454545	0.8695652173913043	0.7272727272727273	0.8571428571428572	0.8837209302325582	0.8513513513513513	0.8695652173913043	0.8591549295774648	0.8831168831168831	0.8936170212765957	0.8695652173913043	0.8695652173913043	0.8823529411764706	0.851063829787234	0.8059701492537313	0.873015873015873	0.8679245283018868	0.8333333333333334	0.9090909090909091	0.8909090909090909	0.8484848484848485	0.7291666666666667	0.8461538461538461	0.8771929824561404	0.819672131147541	0.8970588235294118	0.8548387096774194	0.8888888888888888	0.8571428571428572	0.8983050847457628	0.8771929824561404	0.864406779661017	0.8387096774193549	0.7868852459016393	0.835820895522388	0.8461538461538461	0.8888888888888888	0
	ZINC|000001529359|;size=225;	ZINC|000001532540|;size=41;	ZINC|000001556239|;size=103;	ZINC|000001565382|;size=2;	ZINC|000001704000|;size=2;	ZINC|000001705197|;size=1;	ZINC|000001726380|;size=4;	ZINC|000002007908|;size=3;	ZINC|000002029097|;size=1;	ZINC|000002035518|;size=4;	ZINC|000002487686|;size=3;	ZINC|000002525296|;size=1;	ZINC|000002583523|;size=1;	ZINC|000003623428|;size=1;	ZINC|000003938676|;size=1;	ZINC|000004109959|;size=3;	ZINC|000004218939|;size=2;	ZINC|000004236169|;size=8;	ZINC|000004312752|;size=74;	ZINC|000004312754|;size=30;	ZINC|000004618925|;size=5;	ZINC|000004658554|;size=1;	ZINC|000004658565|;size=1;	ZINC|000004713280|;size=152;	ZINC|000004962956|;size=2;	ZINC|000005298708|;size=5;	ZINC|000006315024|;size=1;	ZINC|000006779774|;size=2;	ZINC|000012394743|;size=1;	ZINC|000013409046|;size=4;	ZINC|000013944146|;size=2;	ZINC|000015017270|;size=1;	ZINC|000016980368|;size=14;	ZINC|000017111357|;size=20;	ZINC|000019093106|;size=3;	ZINC|000019772468|;size=10;	ZINC|000021779167|;size=1;	ZINC|000021992428|;size=2;	ZINC|000022242010|;size=20;	ZINC|000023279815|;size=2;	ZINC|000031168698|;size=2;	ZINC|000031775789|;size=1;	ZINC|000034074056|;size=4;	ZINC|000035320571|;size=6;	ZINC|000036893475|;size=54;	ZINC|000039333569|;size=6;	ZINC|000039956894|;size=2;	ZINC|000064857594|;size=1;	ZINC|000071772789|;size=1;	ZINC|000075537720|;size=7;	ZINC|000077028604|;size=13;	ZINC|000077262235|;size=1;	ZINC|000077262254|;size=1;	ZINC|000078571100|;size=1;	ZINC|000096767156|;size=12;	ZINC|000100028860|;size=19;	ZINC|000100034493|;size=1;	ZINC|000100038588|;size=2;	ZINC|000100069153|;size=2;	ZINC|000100233598|;size=2;	ZINC|000101112334|;size=7;	ZINC|000104141533|;size=4;	ZINC|000170596104|;size=24;	ZINC|000170596112|;size=1;	ZINC|000225476048|;size=3;	ZINC|000225476179|;size=2;	ZINC|000225608314|;size=2;	ZINC|000238833219|;size=1;	ZINC|000238853551|;size=12;	ZINC|000253417458|;size=6;	ZINC|000254826953|;size=2;	ZINC|000257349764|;size=8;	ZINC|000257373322|;size=4;	ZINC|000299888403|;size=4;	ZINC|000328593989|;size=6;	ZINC|000328598169|;size=2;	ZINC|000328598189|;size=7;	ZINC|000408525754|;size=5;	ZINC|000408525762|;size=1;	ZINC|000408678551|;size=1;	ZINC|000514288318|;size=4;	ZINC|001569999071|;size=1;	ZINC|001569999093|;size=6;	ZINC|001772491117|;size=1;
